八一路	[257, 19, 7, 0, 0, 242, 26, 2, 0, 0, 330, 11, 0, 0, 0, 262, 18, 4, 0, 0, 270, 18, 0, 0, 0, 263, 24, 0, 0, 0, 274, 14, 0, 0, 0]	2041
人民路	[239, 33, 15, 0, 0, 210, 46, 12, 2, 0, 287, 34, 13, 7, 0, 259, 18, 11, 0, 0, 229, 41, 13, 5, 0, 284, 3, 0, 0, 0, 283, 5, 0, 0, 0]	2049
唐山街	[170, 61, 40, 16, 0, 172, 47, 39, 10, 2, 236, 57, 32, 14, 2, 191, 55, 30, 12, 0, 180, 69, 27, 12, 0, 258, 21, 6, 2, 0, 262, 23, 2, 1, 0]	2049
五惠路	[238, 32, 9, 8, 0, 225, 25, 9, 11, 0, 282, 37, 10, 12, 0, 253, 19, 10, 5, 0, 245, 23, 10, 10, 0, 274, 6, 6, 1, 0, 271, 15, 2, 0, 0]	2048
中山路	[317, 109, 4, 0, 0, 342, 63, 0, 0, 0, 417, 85, 9, 0, 0, 377, 54, 0, 0, 0, 371, 60, 1, 0, 0, 419, 11, 0, 0, 0, 426, 6, 0, 0, 0]	3071
胜利东路	[2, 269, 12, 4, 0, 1, 256, 11, 2, 0, 0, 326, 11, 4, 0, 0, 282, 6, 0, 0, 3, 271, 14, 0, 0, 1, 286, 0, 0, 0, 0, 286, 2, 0, 0]	2049
玉光街	[127, 11, 5, 1, 0, 124, 9, 2, 0, 0, 158, 4, 9, 0, 0, 134, 8, 2, 0, 0, 136, 4, 4, 0, 0, 141, 3, 0, 0, 0, 136, 7, 1, 0, 0]	1026
石葵路	[276, 8, 3, 0, 0, 267, 2, 1, 0, 0, 333, 8, 0, 0, 0, 277, 8, 2, 0, 0, 281, 5, 2, 0, 0, 287, 0, 0, 0, 0, 288, 0, 0, 0, 0]	2048
长江路	[299, 237, 34, 0, 0, 259, 251, 30, 0, 0, 361, 228, 92, 0, 0, 291, 225, 54, 0, 0, 251, 260, 65, 0, 0, 295, 262, 16, 0, 0, 318, 242, 16, 0, 0]	4086
昆明街	[124, 12, 8, 0, 0, 117, 15, 3, 0, 0, 156, 11, 4, 0, 0, 130, 12, 2, 0, 0, 125, 10, 8, 1, 0, 131, 10, 3, 0, 0, 138, 5, 1, 0, 0]	1026
友好路	[118, 22, 4, 0, 0, 114, 17, 4, 0, 0, 138, 27, 6, 0, 0, 119, 19, 6, 0, 0, 115, 26, 3, 0, 0, 131, 10, 3, 0, 0, 129, 12, 3, 0, 0]	1026
疏港路	[560, 138, 8, 0, 0, 541, 105, 28, 0, 0, 751, 100, 0, 0, 0, 588, 122, 0, 0, 0, 541, 179, 0, 0, 0, 705, 11, 0, 0, 0, 715, 3, 0, 0, 0]	5095
武汉街	[125, 13, 5, 1, 0, 115, 14, 4, 2, 0, 156, 12, 3, 0, 0, 133, 9, 2, 0, 0, 122, 12, 9, 1, 0, 130, 10, 2, 2, 0, 138, 4, 2, 0, 0]	1026
丹东街	[0, 132, 11, 1, 0, 0, 123, 12, 0, 0, 0, 154, 16, 0, 0, 0, 126, 16, 2, 0, 0, 134, 9, 1, 0, 0, 139, 5, 0, 0, 0, 141, 3, 0, 0]	1025
安阳街	[128, 15, 1, 0, 0, 119, 15, 1, 0, 0, 161, 8, 1, 0, 0, 132, 12, 0, 0, 0, 127, 16, 1, 0, 0, 140, 4, 0, 0, 0, 138, 6, 0, 0, 0]	1025
友好街	[195, 40, 27, 20, 1, 175, 39, 32, 23, 1, 215, 47, 51, 27, 0, 199, 42, 36, 7, 0, 175, 46, 40, 27, 0, 170, 32, 49, 36, 0, 179, 43, 46, 20, 0]	2040
杏林街	[217, 60, 7, 0, 0, 232, 34, 4, 0, 0, 288, 44, 8, 0, 0, 251, 30, 3, 0, 0, 242, 38, 8, 0, 0, 266, 19, 2, 0, 0, 272, 13, 3, 0, 0]	2041
民主街	[356, 46, 17, 4, 0, 347, 46, 12, 0, 0, 406, 68, 33, 3, 0, 364, 45, 15, 0, 0, 342, 62, 24, 4, 0, 379, 39, 10, 2, 0, 350, 64, 17, 1, 0]	3056
春德街	[134, 7, 3, 0, 0, 130, 3, 2, 0, 0, 163, 7, 0, 0, 0, 139, 5, 0, 0, 0, 138, 4, 2, 0, 0, 141, 3, 0, 0, 0, 144, 0, 0, 0, 0]	1025
上海路	[188, 84, 15, 0, 0, 175, 84, 11, 0, 0, 228, 91, 19, 2, 0, 201, 74, 13, 0, 0, 182, 93, 13, 0, 0, 256, 29, 1, 0, 0, 266, 20, 2, 0, 0]	2047
延安路	[254, 21, 3, 4, 0, 239, 21, 5, 4, 0, 303, 31, 4, 2, 0, 253, 23, 6, 2, 0, 252, 23, 8, 5, 0, 273, 11, 2, 0, 0, 275, 10, 2, 0, 0]	2036
同兴街	[250, 20, 9, 3, 0, 237, 24, 8, 1, 0, 304, 21, 9, 3, 3, 257, 17, 10, 0, 0, 250, 23, 14, 1, 0, 272, 10, 4, 0, 0, 274, 10, 3, 0, 0]	2037
白玉街	[230, 24, 27, 3, 0, 218, 22, 26, 4, 0, 290, 27, 20, 3, 0, 244, 18, 22, 0, 0, 239, 24, 24, 1, 0, 270, 9, 7, 0, 0, 285, 2, 1, 0, 0]	2040
解放街	[567, 1, 107, 13, 11, 558, 5, 107, 5, 0, 752, 5, 88, 4, 1, 648, 3, 52, 0, 1, 612, 6, 89, 12, 1, 681, 4, 25, 5, 0, 717, 1, 0, 0, 0]	5081
胜利广场	[123, 9, 10, 2, 0, 118, 6, 8, 2, 1, 139, 17, 8, 6, 0, 120, 16, 5, 3, 0, 117, 12, 11, 4, 0, 116, 14, 11, 2, 0, 120, 15, 8, 1, 0]	1024
世纪街	[118, 16, 6, 4, 0, 101, 20, 14, 0, 0, 142, 13, 13, 2, 0, 118, 19, 7, 0, 0, 114, 21, 8, 1, 0, 139, 3, 1, 0, 0, 143, 1, 0, 0, 0]	1024
解放路	[214, 56, 13, 0, 0, 206, 60, 4, 0, 0, 274, 58, 8, 0, 0, 228, 45, 11, 0, 0, 220, 58, 10, 0, 0, 232, 52, 2, 0, 0, 254, 34, 0, 0, 0]	2039
五五路	[123, 13, 6, 2, 0, 123, 7, 5, 0, 0, 154, 9, 6, 1, 0, 122, 16, 5, 1, 0, 119, 20, 5, 0, 0, 143, 0, 0, 0, 0, 139, 4, 1, 0, 0]	1024
育才街	[281, 1, 2, 0, 0, 269, 1, 0, 0, 0, 338, 2, 0, 0, 0, 283, 0, 0, 1, 0, 285, 2, 0, 1, 0, 285, 1, 0, 0, 0, 281, 5, 2, 0, 0]	2040
鲁迅路	[77, 51, 16, 0, 0, 77, 38, 19, 1, 0, 104, 49, 17, 0, 0, 88, 46, 10, 0, 0, 80, 46, 16, 2, 0, 89, 44, 10, 0, 0, 102, 40, 2, 0, 0]	1024
民生街	[160, 78, 35, 8, 0, 131, 73, 60, 6, 0, 192, 97, 41, 10, 0, 161, 83, 33, 7, 0, 130, 101, 47, 10, 0, 201, 68, 17, 0, 0, 232, 47, 9, 0, 0]	2037
新生街	[142, 0, 1, 0, 0, 134, 1, 0, 0, 0, 167, 0, 3, 0, 0, 143, 0, 1, 0, 0, 142, 0, 2, 0, 0, 143, 0, 0, 0, 0, 143, 0, 1, 0, 0]	1023
葵英街	[137, 0, 4, 2, 0, 135, 0, 0, 0, 0, 170, 0, 0, 0, 0, 144, 0, 0, 0, 0, 143, 0, 1, 0, 0, 143, 0, 0, 0, 0, 144, 0, 0, 0, 0]	1023
葵丰路	[137, 4, 2, 0, 0, 133, 0, 2, 0, 0, 170, 0, 0, 0, 0, 143, 0, 1, 0, 0, 143, 0, 1, 0, 0, 143, 0, 0, 0, 0, 144, 0, 0, 0, 0]	1023
港湾街	[262, 14, 7, 0, 0, 255, 14, 1, 0, 0, 319, 18, 3, 0, 0, 263, 21, 0, 0, 0, 260, 23, 4, 1, 0, 276, 10, 0, 0, 0, 284, 4, 0, 0, 0]	2039
大众街	[120, 9, 14, 0, 0, 111, 12, 9, 3, 0, 143, 11, 15, 1, 0, 120, 14, 9, 1, 0, 112, 17, 13, 2, 0, 122, 7, 11, 3, 0, 126, 7, 9, 2, 0]	1023
春华街	[136, 5, 1, 1, 0, 134, 1, 0, 0, 0, 168, 1, 1, 0, 0, 143, 0, 1, 0, 0, 143, 0, 1, 0, 0, 139, 2, 2, 0, 0, 139, 3, 2, 0, 0]	1023
山峦街	[143, 0, 0, 0, 0, 135, 0, 0, 0, 0, 170, 0, 0, 0, 0, 143, 0, 0, 1, 0, 142, 0, 1, 1, 0, 143, 0, 0, 0, 0, 144, 0, 0, 0, 0]	1023
中南路	[135, 5, 2, 1, 0, 132, 3, 0, 0, 0, 168, 2, 0, 0, 0, 140, 4, 0, 0, 0, 135, 7, 2, 0, 0, 143, 0, 0, 0, 0, 142, 2, 0, 0, 0]	1023
华乐街	[142, 1, 0, 0, 0, 135, 0, 0, 0, 0, 170, 0, 0, 0, 0, 144, 0, 0, 0, 0, 141, 3, 0, 0, 0, 142, 0, 1, 0, 0, 144, 0, 0, 0, 0]	1023
迎宾路	[558, 1, 1, 0, 0, 538, 1, 0, 0, 0, 680, 0, 0, 0, 0, 566, 0, 0, 0, 0, 576, 0, 0, 0, 0, 572, 0, 0, 0, 0, 575, 0, 0, 0, 0]	4068
虎滩路	[143, 0, 0, 0, 0, 135, 0, 0, 0, 0, 170, 0, 0, 0, 0, 144, 0, 0, 0, 0, 141, 1, 2, 0, 0, 143, 0, 0, 0, 0, 144, 0, 0, 0, 0]	1023
滨海东路	[143, 0, 0, 0, 0, 134, 1, 0, 0, 0, 167, 3, 0, 0, 0, 144, 0, 0, 0, 0, 142, 2, 0, 0, 0, 142, 1, 0, 0, 0, 144, 0, 0, 0, 0]	1023
文林街	[77, 1, 65, 0, 0, 67, 0, 66, 2, 0, 85, 0, 85, 0, 0, 75, 3, 66, 0, 0, 74, 0, 70, 0, 0, 78, 0, 65, 0, 0, 80, 1, 63, 0, 0]	1023
南山路	[401, 14, 4, 0, 0, 387, 14, 4, 0, 0, 506, 4, 0, 0, 0, 418, 6, 0, 0, 0, 415, 13, 4, 0, 0, 428, 1, 0, 0, 0, 431, 0, 0, 0, 0]	3050
朝阳街	[135, 3, 4, 1, 0, 128, 4, 3, 0, 0, 163, 7, 0, 0, 0, 138, 5, 1, 0, 0, 131, 9, 4, 0, 0, 141, 2, 0, 0, 0, 142, 2, 0, 0, 0]	1023
七七街	[129, 2, 11, 1, 0, 127, 6, 0, 2, 0, 164, 1, 3, 2, 0, 140, 1, 3, 0, 0, 135, 1, 7, 1, 0, 141, 0, 2, 0, 0, 143, 1, 0, 0, 0]	1023
长江东路	[143, 0, 0, 0, 0, 134, 1, 0, 0, 0, 170, 0, 0, 0, 0, 144, 0, 0, 0, 0, 143, 1, 0, 0, 0, 143, 0, 0, 0, 0, 144, 0, 0, 0, 0]	1023
新开路	[202, 62, 19, 0, 0, 213, 46, 10, 1, 0, 264, 46, 28, 2, 0, 217, 55, 11, 1, 0, 225, 47, 15, 1, 0, 254, 30, 2, 0, 0, 264, 20, 4, 0, 0]	2039
北京街	[110, 21, 12, 0, 0, 110, 16, 9, 0, 0, 144, 22, 4, 0, 0, 123, 15, 6, 0, 0, 111, 24, 9, 0, 0, 125, 18, 0, 0, 0, 138, 6, 0, 0, 0]	1023
联合路	[156, 94, 31, 0, 0, 157, 96, 16, 1, 0, 216, 106, 18, 0, 0, 161, 103, 20, 0, 0, 160, 101, 27, 0, 0, 214, 66, 6, 0, 0, 240, 47, 0, 0, 0]	2036
胜利路	[305, 96, 23, 0, 0, 319, 69, 17, 0, 0, 397, 95, 18, 0, 0, 345, 71, 11, 0, 0, 337, 74, 21, 0, 0, 396, 31, 2, 0, 0, 410, 19, 2, 0, 0]	3058
华北路	[301, 123, 2, 0, 0, 298, 104, 3, 0, 0, 413, 97, 0, 0, 0, 327, 89, 13, 0, 0, 283, 143, 6, 0, 0, 327, 102, 0, 0, 0, 381, 51, 0, 0, 0]	3063
通海街	[245, 28, 10, 0, 0, 227, 32, 10, 1, 0, 309, 23, 5, 3, 0, 250, 25, 9, 0, 0, 246, 37, 4, 1, 0, 250, 24, 11, 1, 0, 266, 18, 4, 0, 0]	2039
五四路	[319, 85, 20, 0, 0, 311, 70, 24, 0, 0, 420, 71, 16, 3, 0, 355, 48, 24, 0, 0, 343, 69, 20, 0, 0, 366, 52, 11, 0, 0, 390, 39, 2, 0, 0]	3058
鞍山路	[204, 77, 5, 0, 0, 182, 82, 6, 0, 0, 232, 90, 18, 0, 0, 193, 92, 1, 0, 0, 183, 100, 5, 0, 0, 199, 61, 26, 0, 0, 235, 50, 3, 0, 0]	2044
宏济街	[131, 4, 8, 0, 0, 125, 1, 8, 1, 0, 159, 3, 8, 0, 0, 138, 1, 4, 1, 0, 129, 2, 11, 2, 0, 142, 0, 1, 0, 0, 141, 1, 2, 0, 0]	1023
高尔基路	[240, 29, 14, 3, 0, 224, 29, 17, 0, 0, 290, 31, 19, 0, 0, 253, 24, 9, 0, 0, 244, 27, 15, 2, 0, 253, 33, 0, 0, 0, 271, 17, 0, 0, 0]	2044
同庆街	[130, 0, 12, 1, 0, 124, 0, 10, 1, 0, 157, 1, 10, 2, 0, 131, 0, 13, 0, 0, 130, 0, 13, 1, 0, 142, 0, 1, 0, 0, 142, 0, 2, 0, 0]	1023
英华街	[76, 19, 44, 1, 3, 75, 11, 43, 0, 6, 109, 14, 40, 4, 3, 97, 15, 29, 3, 0, 87, 21, 34, 2, 0, 106, 13, 23, 0, 1, 100, 26, 17, 0, 1]	1023
民权街	[275, 2, 6, 3, 0, 257, 1, 9, 3, 0, 311, 5, 16, 8, 0, 271, 0, 13, 2, 0, 271, 2, 13, 2, 0, 263, 0, 16, 7, 0, 279, 0, 8, 0, 1]	2044
珠江路	[273, 11, 0, 2, 0, 262, 2, 6, 0, 0, 328, 8, 4, 0, 0, 285, 2, 0, 0, 0, 277, 11, 0, 0, 0, 283, 1, 2, 0, 0, 284, 4, 0, 0, 0]	2045
五一路	[699, 120, 24, 0, 0, 654, 140, 16, 0, 0, 799, 209, 12, 0, 0, 694, 147, 8, 0, 0, 691, 143, 30, 0, 0, 695, 163, 0, 0, 0, 768, 95, 0, 0, 0]	6107
建设街	[0, 275, 5, 3, 0, 0, 255, 13, 2, 0, 0, 326, 14, 0, 0, 0, 228, 17, 6, 0, 0, 268, 11, 9, 0, 0, 268, 7, 11, 0, 0, 269, 15, 4, 0]	2006
兴业街	[154, 12, 60, 41, 16, 148, 11, 48, 46, 17, 213, 32, 49, 33, 13, 184, 15, 44, 32, 9, 165, 34, 42, 37, 10, 189, 27, 38, 19, 13, 186, 28, 33, 25, 16]	2039
正仁街	[216, 24, 32, 14, 0, 200, 18, 46, 6, 0, 258, 18, 52, 12, 0, 226, 18, 27, 16, 0, 206, 24, 50, 8, 0, 220, 18, 40, 8, 0, 222, 22, 42, 2, 0]	2045
西安路	[208, 151, 65, 0, 0, 214, 123, 63, 5, 0, 255, 165, 88, 2, 0, 216, 168, 42, 0, 0, 216, 133, 83, 0, 0, 210, 78, 104, 37, 0, 236, 85, 103, 7, 0]	3057
香周路	[288, 97, 44, 0, 0, 271, 101, 27, 6, 0, 380, 97, 33, 0, 0, 311, 86, 32, 0, 0, 286, 104, 41, 1, 0, 311, 102, 16, 0, 0, 354, 76, 2, 0, 0]	3066
东联路	[348, 36, 44, 0, 0, 319, 68, 18, 0, 0, 438, 42, 30, 0, 0, 349, 49, 31, 0, 0, 318, 68, 46, 0, 0, 381, 34, 14, 0, 0, 399, 26, 7, 0, 0]	3065
滨海西路	[284, 0, 0, 2, 0, 266, 0, 2, 2, 0, 338, 0, 2, 0, 0, 280, 0, 1, 4, 1, 285, 2, 1, 0, 0, 286, 0, 0, 0, 0, 288, 0, 0, 0, 0]	2044
菜市街	[233, 19, 17, 14, 0, 224, 16, 12, 18, 0, 271, 28, 33, 8, 0, 227, 16, 22, 18, 0, 247, 13, 17, 11, 0, 249, 7, 7, 23, 0, 249, 4, 14, 21, 0]	2038
胜利街	[0, 140, 2, 1, 0, 0, 129, 6, 0, 0, 0, 164, 3, 3, 0, 0, 141, 1, 1, 0, 0, 136, 6, 2, 0, 0, 143, 0, 0, 0, 0, 144, 0, 0, 0]	1022
大同街	[123, 12, 8, 0, 0, 121, 6, 2, 6, 0, 134, 19, 9, 7, 1, 128, 8, 4, 1, 2, 117, 11, 14, 2, 0, 110, 5, 17, 7, 4, 114, 10, 11, 7, 2]	1022
双兴街	[137, 4, 2, 0, 0, 119, 10, 6, 0, 0, 148, 13, 9, 0, 0, 121, 15, 6, 1, 0, 135, 3, 6, 0, 0, 135, 4, 4, 0, 0, 139, 4, 1, 0, 0]	1022
水仙街	[137, 4, 2, 0, 0, 128, 5, 2, 0, 0, 160, 6, 4, 0, 0, 140, 2, 1, 0, 0, 137, 5, 2, 0, 0, 127, 14, 2, 0, 0, 134, 5, 3, 2, 0]	1022
香一街	[117, 1, 17, 8, 0, 111, 2, 19, 2, 1, 146, 1, 19, 2, 2, 121, 1, 14, 7, 0, 114, 3, 20, 7, 0, 111, 3, 22, 6, 1, 125, 0, 13, 6, 0]	1022
北海街	[257, 18, 6, 0, 0, 244, 20, 6, 0, 0, 312, 22, 5, 1, 0, 253, 20, 10, 0, 0, 250, 30, 8, 0, 0, 254, 23, 9, 0, 0, 265, 17, 5, 0, 0]	2035
黄河路	[305, 112, 9, 0, 0, 281, 112, 12, 0, 0, 345, 156, 9, 0, 0, 332, 93, 1, 0, 0, 308, 122, 2, 0, 0, 288, 130, 11, 0, 0, 355, 77, 0, 0, 0]	3060
黄河街	[186, 54, 42, 4, 0, 196, 50, 24, 0, 0, 266, 46, 28, 0, 0, 220, 48, 18, 0, 0, 186, 74, 28, 0, 0, 258, 24, 4, 0, 0, 266, 22, 0, 0, 0]	2044
东北路	[270, 87, 70, 0, 0, 245, 114, 46, 0, 0, 369, 80, 61, 0, 0, 280, 108, 40, 0, 0, 251, 111, 70, 0, 0, 356, 68, 5, 0, 0, 371, 61, 0, 0, 0]	3063
纪念街	[138, 3, 2, 0, 0, 133, 2, 0, 0, 0, 169, 1, 0, 0, 0, 140, 3, 0, 0, 0, 140, 4, 0, 0, 0, 139, 4, 0, 0, 0, 142, 2, 0, 0, 0]	1022
长春路	[87, 52, 4, 0, 0, 95, 40, 0, 0, 0, 120, 48, 2, 0, 0, 97, 42, 4, 0, 0, 90, 49, 5, 0, 0, 116, 26, 1, 0, 0, 128, 16, 0, 0, 0]	1022
福德街	[0, 252, 27, 2, 0, 0, 238, 32, 0, 0, 0, 301, 38, 1, 0, 0, 251, 32, 0, 0, 0, 253, 33, 2, 0, 0, 270, 16, 0, 0, 0, 278, 9, 0, 0]	2035
民政街	[380, 37, 8, 0, 0, 372, 28, 5, 0, 0, 462, 43, 5, 0, 0, 378, 39, 8, 0, 0, 396, 28, 8, 0, 0, 408, 21, 0, 0, 0, 422, 8, 2, 0, 0]	3058
太原街	[109, 34, 0, 0, 0, 107, 28, 0, 0, 0, 134, 35, 1, 0, 0, 116, 27, 0, 0, 0, 115, 29, 0, 0, 0, 117, 26, 0, 0, 0, 121, 23, 0, 0, 0]	1022
南沙街	[134, 5, 4, 0, 0, 124, 10, 1, 0, 0, 151, 13, 5, 1, 0, 131, 8, 4, 0, 0, 130, 7, 7, 0, 0, 116, 17, 10, 0, 0, 125, 12, 7, 0, 0]	1022
泰山街	[271, 10, 1, 0, 0, 255, 15, 0, 0, 0, 328, 12, 0, 0, 0, 274, 8, 1, 0, 0, 272, 14, 2, 0, 0, 283, 3, 0, 0, 0, 286, 2, 0, 0, 0]	2037
同泰街	[214, 51, 16, 0, 0, 208, 52, 8, 1, 0, 278, 46, 16, 0, 0, 227, 47, 9, 0, 0, 218, 60, 10, 0, 0, 270, 14, 2, 0, 0, 267, 16, 4, 0, 0]	2034
永平街	[123, 0, 20, 0, 0, 116, 0, 13, 0, 6, 163, 0, 6, 0, 1, 130, 0, 13, 0, 0, 126, 0, 18, 0, 0, 122, 0, 20, 0, 1, 121, 0, 15, 0, 8]	1022
长生街	[0, 141, 2, 0, 0, 0, 135, 0, 0, 0, 0, 169, 1, 0, 0, 0, 141, 2, 0, 0, 0, 143, 1, 0, 0, 0, 141, 2, 0, 0, 0, 144, 0, 0, 0]	1022
成仁街	[0, 143, 0, 0, 0, 0, 134, 1, 0, 0, 0, 167, 3, 0, 0, 0, 142, 1, 0, 0, 0, 144, 0, 0, 0, 0, 143, 0, 0, 0, 0, 144, 0, 0, 0]	1022
连胜街	[142, 1, 0, 0, 0, 134, 1, 0, 0, 0, 170, 0, 0, 0, 0, 141, 1, 1, 0, 0, 142, 1, 1, 0, 0, 142, 1, 0, 0, 0, 143, 1, 0, 0, 0]	1022
西山街	[237, 2, 42, 0, 0, 215, 1, 39, 15, 0, 253, 0, 80, 7, 0, 238, 0, 36, 9, 0, 222, 3, 54, 9, 0, 198, 12, 60, 11, 5, 224, 1, 54, 6, 2]	2035
长兴街	[176, 66, 41, 0, 0, 160, 61, 47, 2, 0, 188, 63, 80, 9, 0, 174, 75, 35, 0, 0, 163, 64, 59, 2, 0, 149, 26, 55, 53, 3, 149, 36, 73, 30, 0]	2039
泉涌街	[117, 0, 26, 0, 0, 109, 0, 25, 0, 1, 131, 0, 36, 0, 3, 122, 0, 21, 0, 0, 116, 0, 28, 0, 0, 93, 0, 38, 0, 12, 103, 0, 36, 0, 5]	1022
中长东五街	[140, 3, 0, 0, 0, 130, 5, 0, 0, 0, 157, 12, 1, 0, 0, 136, 7, 0, 0, 0, 138, 5, 1, 0, 0, 130, 12, 1, 0, 0, 136, 8, 0, 0, 0]	1022
西部大通道	[250, 6, 24, 6, 0, 230, 21, 17, 2, 0, 310, 14, 15, 1, 0, 250, 19, 15, 1, 0, 254, 23, 11, 0, 0, 273, 10, 3, 0, 0, 287, 1, 0, 0, 0]	2043
广平街	[117, 0, 18, 0, 8, 93, 0, 25, 0, 17, 125, 0, 32, 0, 13, 107, 0, 27, 0, 9, 103, 0, 27, 0, 14, 86, 0, 27, 0, 30, 94, 0, 21, 0, 29]	1022
中长街	[198, 64, 20, 0, 0, 202, 44, 24, 0, 0, 230, 64, 46, 0, 0, 234, 34, 15, 0, 0, 222, 44, 21, 1, 0, 168, 40, 56, 22, 0, 168, 55, 61, 4, 0]	2037
万岁街	[0, 137, 6, 0, 0, 0, 128, 7, 0, 0, 0, 165, 5, 0, 0, 0, 136, 7, 0, 0, 0, 129, 15, 0, 0, 0, 131, 12, 0, 0, 0, 139, 5, 0, 0]	1022
白山路	[132, 9, 2, 0, 0, 121, 14, 0, 0, 0, 159, 11, 0, 0, 0, 132, 10, 1, 0, 0, 127, 16, 1, 0, 0, 128, 13, 2, 0, 0, 136, 8, 0, 0, 0]	1022
星河街	[141, 2, 0, 0, 0, 135, 0, 0, 0, 0, 167, 2, 1, 0, 0, 143, 0, 0, 0, 0, 143, 1, 0, 0, 0, 143, 0, 0, 0, 0, 143, 1, 0, 0, 0]	1022
沿河街	[127, 3, 13, 0, 0, 121, 3, 11, 0, 0, 158, 4, 8, 0, 0, 131, 2, 10, 0, 0, 129, 7, 8, 0, 0, 138, 3, 2, 0, 0, 144, 0, 0, 0, 0]	1022
会展路	[142, 1, 0, 0, 0, 134, 0, 1, 0, 0, 170, 0, 0, 0, 0, 142, 1, 0, 0, 0, 143, 1, 0, 0, 0, 143, 0, 0, 0, 0, 142, 2, 0, 0, 0]	1022
盖州街	[122, 10, 9, 2, 0, 110, 18, 5, 2, 0, 153, 15, 2, 0, 0, 122, 17, 3, 1, 0, 118, 20, 6, 0, 0, 111, 18, 6, 8, 0, 115, 19, 8, 2, 0]	1022
连山街	[2, 131, 8, 2, 0, 0, 131, 4, 0, 0, 2, 166, 2, 0, 0, 3, 132, 7, 1, 0, 0, 140, 2, 2, 0, 2, 140, 1, 0, 0, 1, 143, 0, 0, 0]	1022
宏业街	[120, 22, 1, 0, 0, 109, 18, 6, 2, 0, 153, 17, 0, 0, 0, 121, 20, 2, 0, 0, 127, 15, 2, 0, 0, 109, 29, 5, 0, 0, 125, 17, 2, 0, 0]	1022
富民路	[111, 7, 22, 3, 0, 102, 6, 25, 1, 1, 128, 5, 34, 3, 0, 110, 7, 23, 3, 0, 102, 12, 27, 3, 0, 111, 8, 18, 6, 0, 109, 7, 27, 1, 0]	1022
星雨街	[142, 1, 0, 0, 0, 135, 0, 0, 0, 0, 168, 0, 2, 0, 0, 143, 0, 0, 0, 0, 144, 0, 0, 0, 0, 143, 0, 0, 0, 0, 143, 0, 1, 0, 0]	1022
新桥街	[245, 16, 15, 6, 0, 235, 21, 11, 3, 0, 304, 22, 7, 7, 0, 252, 13, 12, 6, 0, 253, 13, 12, 10, 0, 265, 13, 6, 2, 0, 253, 26, 9, 0, 0]	2037
锦霞街	[136, 5, 2, 0, 0, 127, 7, 1, 0, 0, 165, 5, 0, 0, 0, 141, 2, 0, 0, 0, 142, 2, 0, 0, 0, 139, 4, 0, 0, 0, 140, 4, 0, 0, 0]	1022
龙江路	[138, 5, 0, 0, 0, 130, 5, 0, 0, 0, 165, 4, 1, 0, 0, 137, 6, 0, 0, 0, 140, 3, 1, 0, 0, 141, 2, 0, 0, 0, 144, 0, 0, 0, 0]	1022
河川街	[139, 3, 1, 0, 0, 126, 7, 2, 0, 0, 158, 10, 2, 0, 0, 139, 4, 0, 0, 0, 138, 5, 1, 0, 0, 133, 3, 7, 0, 0, 130, 8, 5, 1, 0]	1022
圣林街	[266, 13, 3, 1, 0, 259, 10, 1, 0, 0, 326, 13, 1, 0, 0, 273, 11, 1, 0, 0, 269, 15, 4, 0, 0, 282, 4, 0, 0, 0, 283, 5, 0, 0, 0]	2040
锦绣路	[119, 11, 10, 3, 0, 111, 14, 8, 2, 0, 141, 16, 11, 2, 0, 122, 17, 3, 1, 0, 119, 15, 10, 0, 0, 129, 14, 0, 0, 0, 138, 6, 0, 0, 0]	1022
软件园东路	[126, 7, 6, 4, 0, 117, 2, 9, 5, 2, 150, 8, 6, 3, 3, 123, 8, 7, 3, 1, 124, 11, 4, 4, 1, 143, 0, 0, 0, 0, 144, 0, 0, 0, 0]	1021
红凌路	[254, 14, 14, 2, 0, 230, 32, 8, 0, 0, 299, 37, 4, 0, 0, 240, 31, 9, 4, 0, 254, 23, 9, 2, 0, 243, 36, 7, 0, 0, 262, 24, 2, 0, 0]	2040
南平街	[142, 0, 1, 0, 0, 131, 3, 1, 0, 0, 167, 3, 0, 0, 0, 135, 6, 1, 0, 0, 138, 3, 3, 0, 0, 139, 1, 3, 0, 0, 142, 1, 1, 0, 0]	1021
数码路	[236, 28, 20, 0, 0, 228, 24, 18, 0, 0, 296, 34, 10, 0, 0, 244, 24, 16, 0, 0, 238, 38, 12, 0, 0, 272, 12, 2, 0, 0, 280, 8, 0, 0, 0]	2040
兴工街	[184, 75, 17, 5, 0, 165, 68, 27, 9, 1, 189, 89, 49, 13, 0, 174, 78, 25, 5, 0, 174, 94, 17, 3, 0, 143, 59, 42, 37, 5, 151, 57, 46, 33, 0]	2034
西南路	[158, 114, 14, 0, 0, 166, 88, 16, 0, 0, 238, 96, 6, 0, 0, 178, 98, 8, 0, 0, 154, 120, 14, 0, 0, 196, 90, 0, 0, 0, 220, 68, 0, 0, 0]	2042
西北路	[233, 50, 0, 0, 0, 226, 42, 2, 0, 0, 301, 39, 0, 0, 0, 240, 41, 3, 0, 0, 241, 47, 0, 0, 0, 265, 20, 1, 0, 0, 270, 18, 0, 0, 0]	2039
南松路	[268, 12, 4, 0, 0, 262, 8, 0, 0, 0, 318, 22, 0, 0, 0, 268, 16, 0, 0, 0, 274, 12, 2, 0, 0, 280, 2, 4, 0, 0, 282, 4, 2, 0, 0]	2040
软件园路	[271, 6, 0, 6, 0, 254, 4, 6, 6, 0, 324, 4, 12, 0, 0, 268, 10, 4, 2, 0, 274, 2, 10, 2, 0, 286, 0, 0, 0, 0, 288, 0, 0, 0, 0]	2039
黄浦路	[247, 35, 1, 0, 0, 228, 34, 8, 0, 0, 277, 50, 13, 0, 0, 248, 32, 4, 0, 0, 242, 42, 4, 0, 0, 248, 37, 1, 0, 0, 273, 15, 0, 0, 0]	2039
红旗东路	[258, 14, 14, 0, 0, 237, 17, 8, 8, 0, 308, 20, 12, 0, 0, 264, 12, 8, 0, 0, 256, 22, 10, 0, 0, 264, 8, 14, 0, 0, 260, 24, 4, 0, 0]	2042
工华街	[143, 0, 0, 0, 0, 135, 0, 0, 0, 0, 168, 0, 2, 0, 0, 141, 0, 0, 0, 1, 144, 0, 0, 0, 0, 141, 0, 2, 0, 0, 144, 0, 0, 0, 0]	1021
山东路	[109, 29, 5, 0, 0, 109, 24, 2, 0, 0, 121, 38, 11, 0, 0, 114, 25, 3, 0, 0, 112, 25, 7, 0, 0, 101, 40, 2, 0, 0, 105, 39, 0, 0, 0]	1021
海口路	[244, 3, 26, 6, 2, 236, 5, 26, 3, 0, 300, 2, 32, 6, 0, 242, 3, 28, 5, 4, 261, 1, 21, 5, 0, 259, 5, 17, 5, 0, 257, 3, 25, 2, 0]	2034
东纬路	[126, 9, 8, 0, 0, 119, 13, 3, 0, 0, 155, 11, 4, 0, 0, 136, 5, 1, 0, 0, 125, 11, 6, 2, 0, 141, 2, 0, 0, 0, 143, 1, 0, 0, 0]	1021
东方路	[127, 9, 7, 0, 0, 124, 5, 4, 2, 0, 154, 3, 12, 1, 0, 127, 8, 6, 1, 0, 125, 10, 9, 0, 0, 136, 3, 4, 0, 0, 137, 1, 6, 0, 0]	1021
红旗中路	[119, 7, 13, 2, 0, 110, 7, 18, 0, 0, 147, 2, 21, 0, 0, 122, 5, 14, 1, 0, 129, 2, 13, 0, 0, 119, 0, 20, 4, 0, 125, 7, 12, 0, 0]	1019
促进路	[121, 5, 6, 8, 1, 117, 4, 8, 3, 3, 146, 12, 10, 2, 0, 123, 5, 7, 7, 0, 118, 9, 6, 11, 0, 124, 5, 12, 2, 0, 132, 5, 6, 1, 0]	1019
松江路	[244, 30, 6, 0, 0, 233, 33, 4, 0, 0, 308, 31, 1, 0, 0, 250, 28, 4, 0, 0, 257, 28, 3, 0, 0, 270, 16, 0, 0, 0, 277, 11, 0, 0, 0]	2034
虹锦路	[135, 1, 4, 0, 0, 132, 2, 1, 0, 0, 167, 0, 1, 2, 0, 142, 0, 0, 0, 0, 144, 0, 0, 0, 0, 143, 0, 0, 0, 0, 144, 0, 0, 0, 0]	1018
华东路	[109, 22, 9, 0, 0, 96, 31, 8, 0, 0, 128, 34, 7, 1, 0, 113, 22, 7, 0, 0, 104, 22, 18, 0, 0, 104, 29, 10, 0, 0, 115, 26, 3, 0, 0]	1018
中华路	[118, 20, 2, 0, 0, 119, 14, 2, 0, 0, 148, 16, 6, 0, 0, 117, 22, 3, 0, 0, 112, 26, 6, 0, 0, 134, 7, 2, 0, 0, 135, 9, 0, 0, 0]	1018
中华西路	[0, 117, 22, 1, 0, 0, 114, 20, 1, 0, 0, 127, 32, 11, 0, 0, 131, 11, 0, 0, 0, 114, 25, 5, 0, 0, 94, 34, 15, 0, 0, 99, 37, 8, 0]	1018
迎客路	[119, 10, 9, 2, 0, 121, 8, 5, 1, 0, 146, 13, 11, 0, 0, 131, 9, 2, 0, 0, 125, 9, 9, 1, 0, 134, 8, 1, 0, 0, 138, 6, 0, 0, 0]	1018
风华路	[131, 6, 3, 0, 0, 130, 5, 0, 0, 0, 163, 7, 0, 0, 0, 138, 4, 0, 0, 0, 134, 10, 0, 0, 0, 140, 3, 0, 0, 0, 144, 0, 0, 0, 0]	1018
凌水路	[128, 12, 0, 0, 0, 131, 4, 0, 0, 0, 169, 1, 0, 0, 0, 140, 2, 0, 0, 0, 138, 6, 0, 0, 0, 139, 4, 0, 0, 0, 144, 0, 0, 0, 0]	1018
火炬路	[132, 8, 0, 0, 0, 129, 3, 3, 0, 0, 156, 10, 4, 0, 0, 134, 7, 1, 0, 0, 137, 6, 1, 0, 0, 143, 0, 0, 0, 0, 143, 1, 0, 0, 0]	1018
川岭路	[0, 133, 7, 0, 0, 0, 128, 6, 1, 0, 0, 169, 1, 0, 0, 0, 135, 6, 1, 0, 0, 139, 5, 0, 0, 0, 139, 4, 0, 0, 0, 144, 0, 0, 0]	1018
千山路	[95, 37, 8, 0, 0, 101, 30, 4, 0, 0, 123, 35, 12, 0, 0, 110, 21, 11, 0, 0, 96, 40, 8, 0, 0, 92, 33, 17, 1, 0, 96, 30, 18, 0, 0]	1018
虹港路	[114, 20, 4, 2, 0, 109, 20, 6, 0, 0, 139, 26, 5, 0, 0, 108, 30, 4, 0, 0, 107, 27, 10, 0, 0, 111, 30, 2, 0, 0, 129, 15, 0, 0, 0]	1018
南关岭路	[83, 54, 3, 0, 0, 82, 48, 5, 0, 0, 111, 52, 7, 0, 0, 86, 53, 3, 0, 0, 84, 58, 2, 0, 0, 97, 44, 2, 0, 0, 117, 24, 3, 0, 0]	1018
张前路	[133, 7, 0, 0, 0, 130, 5, 0, 0, 0, 166, 2, 2, 0, 0, 138, 4, 0, 0, 0, 138, 5, 1, 0, 0, 141, 2, 0, 0, 0, 143, 1, 0, 0, 0]	1018
新水泥路	[133, 7, 0, 0, 0, 130, 5, 0, 0, 0, 163, 5, 2, 0, 0, 130, 8, 4, 0, 0, 129, 12, 3, 0, 0, 140, 2, 1, 0, 0, 143, 0, 1, 0, 0]	1018
姚家路	[122, 10, 6, 2, 0, 126, 7, 2, 0, 0, 161, 4, 5, 0, 0, 131, 7, 4, 0, 0, 128, 7, 7, 1, 1, 136, 6, 1, 0, 0, 142, 2, 0, 0, 0]	1018
红旗西路	[128, 8, 4, 0, 0, 123, 10, 2, 0, 0, 159, 6, 5, 0, 0, 132, 10, 0, 0, 0, 137, 7, 0, 0, 0, 139, 3, 1, 0, 0, 141, 2, 1, 0, 0]	1018
旅顺南路	[270, 10, 0, 0, 0, 270, 0, 0, 0, 0, 340, 0, 0, 0, 0, 283, 0, 0, 0, 0, 284, 4, 0, 0, 0, 286, 0, 0, 0, 0, 286, 2, 0, 0, 0]	2035
振兴路	[548, 8, 0, 0, 0, 538, 1, 0, 0, 0, 680, 0, 0, 0, 0, 562, 0, 0, 0, 0, 575, 1, 0, 0, 0, 571, 0, 0, 0, 0, 574, 0, 0, 0, 0]	4058
大连湾街	[124, 7, 8, 1, 0, 119, 11, 4, 1, 0, 159, 3, 8, 0, 0, 126, 8, 7, 1, 0, 132, 5, 7, 0, 0, 141, 2, 0, 0, 0, 140, 4, 0, 0, 0]	1018
虹城路	[137, 3, 0, 0, 0, 133, 1, 0, 1, 0, 169, 0, 1, 0, 0, 140, 2, 0, 0, 0, 140, 4, 0, 0, 0, 143, 0, 0, 0, 0, 143, 1, 0, 0, 0]	1018
大连湾北街	[0, 255, 18, 7, 0, 0, 252, 17, 1, 0, 0, 303, 29, 8, 0, 0, 251, 19, 12, 0, 2, 248, 28, 10, 0, 0, 256, 26, 4, 0, 3, 261, 23, 1, 0]	2034
金虹东路	[140, 0, 0, 0, 0, 135, 0, 0, 0, 0, 169, 1, 0, 0, 0, 142, 0, 0, 0, 0, 143, 1, 0, 0, 0, 143, 0, 0, 0, 0, 144, 0, 0, 0, 0]	1018
关东路	[138, 2, 0, 0, 0, 135, 0, 0, 0, 0, 169, 1, 0, 0, 0, 141, 1, 0, 0, 0, 142, 2, 0, 0, 0, 140, 3, 0, 0, 0, 143, 1, 0, 0, 0]	1018
迎金路	[0, 278, 0, 0, 0, 0, 270, 0, 0, 0, 0, 340, 0, 0, 0, 0, 282, 0, 0, 0, 0, 284, 4, 0, 0, 0, 286, 0, 0, 0, 0, 288, 0, 0, 0]	2032
营城东路	[139, 1, 0, 0, 0, 131, 4, 0, 0, 0, 168, 1, 1, 0, 0, 141, 1, 0, 0, 0, 143, 1, 0, 0, 0, 143, 0, 0, 0, 0, 141, 0, 3, 0, 0]	1018
营城西路	[280, 0, 0, 0, 0, 270, 0, 0, 0, 0, 333, 7, 0, 0, 0, 277, 6, 0, 0, 0, 284, 4, 0, 0, 0, 286, 0, 0, 0, 0, 284, 4, 0, 0, 0]	2035
西部通道	[128, 4, 5, 3, 0, 122, 1, 3, 8, 1, 158, 1, 5, 5, 1, 133, 3, 4, 2, 0, 131, 3, 5, 5, 0, 132, 1, 4, 6, 0, 141, 0, 3, 0, 0]	1018
滨海公路	[894, 75, 5, 0, 0, 893, 51, 0, 0, 0, 1111, 70, 9, 0, 0, 885, 93, 4, 0, 0, 894, 113, 1, 0, 0, 959, 42, 0, 0, 0, 1000, 5, 0, 0, 0]	7104
金港路	[129, 7, 4, 0, 0, 130, 5, 0, 0, 0, 156, 13, 1, 0, 0, 129, 9, 2, 0, 0, 129, 14, 1, 0, 0, 137, 6, 0, 0, 0, 137, 7, 0, 0, 0]	1016
斯大林路	[213, 50, 13, 3, 0, 211, 46, 12, 1, 0, 246, 66, 28, 0, 0, 228, 38, 13, 1, 0, 227, 54, 7, 0, 0, 197, 83, 6, 0, 0, 191, 78, 19, 0, 0]	2031
金石路	[279, 0, 0, 0, 0, 270, 0, 0, 0, 0, 340, 0, 0, 0, 0, 280, 0, 0, 0, 0, 288, 0, 0, 0, 0, 286, 0, 0, 0, 0, 288, 0, 0, 0, 0]	2031
鞍山街	[130, 8, 2, 0, 0, 127, 6, 2, 0, 0, 161, 7, 2, 0, 0, 134, 5, 1, 0, 0, 131, 10, 3, 0, 0, 138, 5, 0, 0, 0, 137, 7, 0, 0, 0]	1016
黄海街	[275, 0, 3, 0, 0, 269, 1, 0, 0, 0, 338, 0, 2, 0, 0, 277, 1, 1, 1, 0, 287, 1, 0, 0, 0, 286, 0, 0, 0, 0, 284, 0, 3, 0, 0]	2029
本溪街	[100, 23, 12, 4, 1, 103, 19, 11, 2, 0, 119, 21, 16, 8, 6, 109, 22, 7, 2, 0, 110, 25, 7, 2, 0, 90, 21, 19, 8, 5, 92, 10, 12, 16, 14]	1016
砬河路	[140, 0, 0, 0, 0, 135, 0, 0, 0, 0, 170, 0, 0, 0, 0, 140, 0, 0, 0, 0, 142, 2, 0, 0, 0, 143, 0, 0, 0, 0, 144, 0, 0, 0, 0]	1016
金泉路	[131, 6, 3, 0, 0, 130, 3, 2, 0, 0, 161, 7, 2, 0, 0, 135, 5, 0, 0, 0, 134, 6, 4, 0, 0, 141, 2, 0, 0, 0, 144, 0, 0, 0, 0]	1016
赫山西路	[129, 7, 4, 0, 0, 128, 5, 2, 0, 0, 161, 4, 5, 0, 0, 126, 9, 4, 1, 0, 132, 8, 4, 0, 0, 138, 3, 2, 0, 0, 140, 3, 1, 0, 0]	1016
赤峰街	[124, 12, 4, 0, 0, 118, 13, 4, 0, 0, 151, 16, 3, 0, 0, 125, 11, 4, 0, 0, 125, 12, 7, 0, 0, 130, 12, 1, 0, 0, 138, 6, 0, 0, 0]	1016
哈尔滨路	[126, 11, 3, 0, 0, 130, 5, 0, 0, 0, 165, 5, 0, 0, 0, 132, 7, 1, 0, 0, 134, 7, 3, 0, 0, 143, 0, 0, 0, 0, 144, 0, 0, 0, 0]	1016
黄海西路	[97, 38, 5, 0, 0, 97, 38, 0, 0, 0, 135, 31, 4, 0, 0, 100, 39, 1, 0, 0, 91, 46, 7, 0, 0, 111, 30, 2, 0, 0, 111, 33, 0, 0, 0]	1016
金马路	[171, 93, 14, 0, 0, 176, 87, 7, 0, 0, 209, 113, 18, 0, 0, 194, 77, 9, 0, 0, 179, 96, 13, 0, 0, 185, 96, 5, 0, 0, 180, 81, 26, 0, 0]	2029
黄海西四路	[0, 118, 22, 0, 0, 0, 118, 17, 0, 0, 0, 154, 16, 0, 0, 0, 125, 15, 0, 0, 0, 128, 16, 0, 0, 0, 137, 6, 0, 0, 0, 137, 7, 0, 0]	1016
东北大街	[111, 24, 5, 0, 0, 100, 30, 5, 0, 0, 144, 20, 6, 0, 0, 116, 20, 4, 0, 0, 96, 42, 6, 0, 0, 127, 14, 2, 0, 0, 140, 4, 0, 0, 0]	1016
辽河西路	[0, 125, 14, 0, 0, 1, 123, 11, 0, 0, 0, 158, 11, 1, 0, 0, 128, 12, 0, 0, 0, 129, 14, 1, 0, 2, 140, 1, 0, 0, 0, 132, 12, 0, 0]	1015
振鹏南路	[3, 136, 0, 0, 0, 2, 133, 0, 0, 0, 1, 169, 0, 0, 0, 0, 140, 0, 0, 0, 3, 141, 0, 0, 0, 0, 143, 0, 0, 0, 0, 144, 0, 0, 0]	1015
港顺大街	[139, 0, 0, 0, 0, 135, 0, 0, 0, 0, 170, 0, 0, 0, 0, 140, 0, 0, 0, 0, 144, 0, 0, 0, 0, 143, 0, 0, 0, 0, 144, 0, 0, 0, 0]	1015
淮河西路	[0, 137, 2, 0, 0, 0, 130, 5, 0, 0, 0, 164, 6, 0, 0, 0, 136, 4, 0, 0, 0, 137, 7, 0, 0, 0, 143, 0, 0, 0, 0, 144, 0, 0, 0]	1015
金源南路	[131, 2, 6, 0, 0, 129, 2, 4, 0, 0, 167, 1, 2, 0, 0, 131, 6, 3, 0, 0, 140, 4, 0, 0, 0, 141, 2, 0, 0, 0, 143, 1, 0, 0, 0]	1015
国防路	[0, 128, 11, 0, 0, 0, 126, 9, 0, 0, 0, 158, 12, 0, 0, 0, 130, 10, 0, 0, 0, 133, 11, 0, 0, 0, 138, 5, 0, 0, 0, 143, 1, 0, 0]	1015
辽宁街	[101, 34, 4, 0, 0, 96, 19, 20, 0, 0, 119, 25, 25, 1, 0, 110, 24, 6, 0, 0, 112, 26, 6, 0, 0, 113, 19, 11, 0, 0, 106, 21, 17, 0, 0]	1015
辽河中路	[0, 135, 4, 0, 0, 0, 134, 1, 0, 0, 0, 168, 2, 0, 0, 0, 139, 1, 0, 0, 0, 143, 1, 0, 0, 0, 143, 0, 0, 0, 0, 144, 0, 0, 0]	1015
松岚街	[111, 21, 7, 0, 0, 123, 10, 2, 0, 0, 154, 11, 5, 0, 0, 114, 22, 4, 0, 0, 122, 20, 2, 0, 0, 143, 0, 0, 0, 0, 144, 0, 0, 0, 0]	1015
黄海中路	[0, 127, 12, 0, 0, 0, 125, 10, 0, 0, 0, 160, 10, 0, 0, 0, 127, 13, 0, 0, 0, 135, 9, 0, 0, 0, 143, 0, 0, 0, 0, 144, 0, 0, 0]	1015
东北四街	[123, 13, 3, 0, 0, 121, 11, 3, 0, 0, 156, 8, 6, 0, 0, 124, 12, 4, 0, 0, 128, 13, 3, 0, 0, 139, 4, 0, 0, 0, 144, 0, 0, 0, 0]	1015
和平路	[0, 245, 30, 2, 0, 1, 249, 18, 1, 0, 0, 302, 35, 3, 0, 0, 263, 17, 0, 0, 1, 268, 18, 1, 0, 1, 265, 19, 1, 0, 0, 242, 43, 2, 0]	2027
海鲇线	[131, 8, 0, 0, 0, 131, 4, 0, 0, 0, 159, 11, 0, 0, 0, 136, 4, 0, 0, 0, 137, 7, 0, 0, 0, 141, 2, 0, 0, 0, 143, 1, 0, 0, 0]	1015
淮河中路	[0, 137, 2, 0, 0, 0, 135, 0, 0, 0, 0, 170, 0, 0, 0, 0, 140, 0, 0, 0, 0, 142, 2, 0, 0, 0, 143, 0, 0, 0, 0, 144, 0, 0, 0]	1015
金华路	[127, 9, 2, 1, 0, 130, 4, 1, 0, 0, 164, 6, 0, 0, 0, 137, 3, 0, 0, 0, 137, 7, 0, 0, 0, 143, 0, 0, 0, 0, 139, 5, 0, 0, 0]	1015
铁山西路	[116, 20, 3, 0, 0, 113, 19, 3, 0, 0, 152, 13, 5, 0, 0, 121, 16, 3, 0, 0, 116, 22, 6, 0, 0, 131, 11, 1, 0, 0, 141, 3, 0, 0, 0]	1015
永安大街	[135, 4, 0, 0, 0, 135, 0, 0, 0, 0, 170, 0, 0, 0, 0, 138, 1, 1, 0, 0, 141, 3, 0, 0, 0, 139, 4, 0, 0, 0, 134, 9, 1, 0, 0]	1015
湾里西街	[139, 0, 0, 0, 0, 135, 0, 0, 0, 0, 169, 0, 1, 0, 0, 140, 0, 0, 0, 0, 144, 0, 0, 0, 0, 143, 0, 0, 0, 0, 144, 0, 0, 0, 0]	1015
夏金线	[136, 3, 0, 0, 0, 135, 0, 0, 0, 0, 167, 3, 0, 0, 0, 138, 2, 0, 0, 0, 138, 6, 0, 0, 0, 143, 0, 0, 0, 0, 144, 0, 0, 0, 0]	1015
铁山中路	[132, 6, 1, 0, 0, 133, 2, 0, 0, 0, 166, 4, 0, 0, 0, 137, 2, 1, 0, 0, 139, 4, 1, 0, 0, 143, 0, 0, 0, 0, 142, 1, 1, 0, 0]	1015
湾里街	[136, 3, 0, 0, 0, 133, 2, 0, 0, 0, 169, 1, 0, 0, 0, 138, 2, 0, 0, 0, 143, 0, 1, 0, 0, 142, 1, 0, 0, 0, 144, 0, 0, 0, 0]	1015
大地街	[135, 4, 0, 0, 0, 135, 0, 0, 0, 0, 167, 2, 1, 0, 0, 135, 4, 1, 0, 0, 139, 3, 2, 0, 0, 143, 0, 0, 0, 0, 142, 1, 0, 1, 0]	1015
淮河东路	[0, 139, 0, 0, 0, 0, 135, 0, 0, 0, 0, 170, 0, 0, 0, 0, 140, 0, 0, 0, 0, 144, 0, 0, 0, 0, 143, 0, 0, 0, 0, 144, 0, 0, 0]	1015
辽河东路	[0, 139, 0, 0, 0, 0, 135, 0, 0, 0, 0, 170, 0, 0, 0, 0, 140, 0, 0, 0, 0, 144, 0, 0, 0, 0, 143, 0, 0, 0, 0, 144, 0, 0, 0]	1015
黄海大道	[139, 0, 0, 0, 0, 135, 0, 0, 0, 0, 170, 0, 0, 0, 0, 140, 0, 0, 0, 0, 144, 0, 0, 0, 0, 143, 0, 0, 0, 0, 144, 0, 0, 0, 0]	1015
星海广场	[0, 4, 0, 0, 0, 0, 3, 1, 0, 0, 0, 3, 1, 0, 0, 0, 1, 0, 0, 0, 0, 1, 0, 0, 0, 0, 2, 1, 0, 0, 0, 2, 0, 0, 0]	19
